This file is: multiR_3G_normalUtil_normalError_Info.txt

This file contains basic information about the simulation files contained in this folder.

Based on 1000  Iterations

Rounds Limit = 10000 

3 Groups:  50 30 20 

Utility Drawn From: 
Group 1: normal(-0.5,0.2)
Group 2: normal(0,0.2)
Group 3: normal(0.1,0.2)

Error Drawn From: 
Group 1: normal(0,0.3)
Group 2: normal(0,0.3)
Group 3: normal(0,0.3)

Group Alpha: 
Group 1: -.1/r
Group 2: .1/r
Group 3: .1/r
Per-Round Decision Cost:  0.01 

Min Rounds of Voting by kMaj:  

Mean Rounds of Voting by kMaj:  1 1 1 1 1 1 1 1 1 1 1 1 1 1 1 1 1 1 1 1 1.001 1.002 1.008 1.021 1.034 1.068 1.113 1.163 1.259 1.371 1.514 1.686 1.877 2.132 2.422 2.772 3.193 3.769 4.438 5.282 6.276 7.648 9.602 12.26 15.559 20.478 27.471 39.547 61.836 118.324 501.906 20.554 1.705 0 0 0 0 0 0 0 0 0 0 0 0 0 0 0 0 0 0 0 0 0 0 0 0 0 0 0 0 0 0 0 0 0 0 0 0 0 0 0 0 0 0 0 0 0 0 0 

Max Rounds of Voting by kMaj:  

Mean Proposals Considered by kMaj:  1 1 1 1 1 1 1 1 1 1 1 1 1 1 1 1 1 1 1 1 1.001 1.002 1.008 1.021 1.034 1.068 1.113 1.163 1.259 1.371 1.514 1.686 1.877 2.132 2.422 2.772 3.193 3.769 4.438 5.282 6.276 7.648 9.602 12.26 15.559 20.478 27.471 39.547 61.836 118.324 3001.906 9340.554 9911.705 10000 10000 10000 10000 10000 10000 10000 10000 10000 10000 10000 10000 10000 10000 10000 10000 10000 10000 10000 10000 10000 10000 10000 10000 10000 10000 10000 10000 10000 10000 10000 10000 10000 10000 10000 10000 10000 10000 10000 10000 10000 10000 10000 10000 10000 10000 10000 

Decision Costs by kMaj:  0.01 0.01 0.01 0.01 0.01 0.01 0.01 0.01 0.01 0.01 0.01 0.01 0.01 0.01 0.01 0.01 0.01 0.01 0.01 0.01 0.01001 0.01002 0.01008 0.01021 0.01034 0.01068 0.01113 0.01163 0.01259 0.01371 0.01514 0.01686 0.01877 0.02132 0.02422 0.02772 0.03193 0.03769 0.04438 0.05282 0.06276 0.07648 0.09602 0.1226 0.15559 0.20478 0.27471 0.39547 0.61836 1.18324 30.01906 93.40554 99.11705 100 100 100 100 100 100 100 100 100 100 100 100 100 100 100 100 100 100 100 100 100 100 100 100 100 100 100 100 100 100 100 100 100 100 100 100 100 100 100 100 100 100 100 100 100 100 100 

Mean External Cost by kMaj:  0.2829707 0.2829707 0.2829707 0.2829707 0.2829707 0.2829707 0.2829707 0.2829707 0.2829707 0.2829707 0.2829707 0.2829707 0.2829707 0.2829707 0.2829707 0.2829707 0.2829707 0.2829707 0.2829707 0.2829707 0.2829754 0.2830152 0.2832135 0.2833777 0.2836373 0.2846342 0.2858482 0.2872452 0.29007 0.2930974 0.2963326 0.3004181 0.3049 0.3110125 0.316916 0.322866 0.3294403 0.3373951 0.3449538 0.3527426 0.36167 0.3708747 0.3817883 0.393878 0.405217 0.4196889 0.4338425 0.4516014 0.470978 0.5025435 0.4169519 0.03559599 0.004469753 0 0 0 0 0 0 0 0 0 0 0 0 0 0 0 0 0 0 0 0 0 0 0 0 0 0 0 0 0 0 0 0 0 0 0 0 0 0 0 0 0 0 0 0 0 0 0 

Best External Cost by kMaj:  0.03902289 0.03902289 0.03902289 0.03902289 0.03902289 0.03902289 0.03902289 0.03902289 0.03902289 0.03902289 0.03902289 0.03902289 0.03902289 0.03902289 0.03902289 0.03902289 0.03902289 0.03902289 0.03902289 0.03902289 0.03898327 0.03895432 0.03874577 0.03839668 0.03805623 0.03732453 0.0362025 0.03486415 0.03271014 0.02989249 0.02681157 0.02368691 0.02086268 0.01809428 0.01501253 0.01265341 0.01045192 0.008495547 0.006614343 0.005115761 0.003850661 0.00285457 0.002011659 0.001297554 0.0007610274 0.0004863424 0.0002403221 7.695773e-05 5.765507e-05 1.116507e-05 3.186308e-06 6.546092e-07 0 0 0 0 0 0 0 0 0 0 0 0 0 0 0 0 0 0 0 0 0 0 0 0 0 0 0 0 0 0 0 0 0 0 0 0 0 0 0 0 0 0 0 0 0 0 0 0 

Worst External Cost by kMaj:  0.5013133 0.5013133 0.5013133 0.5013133 0.5013133 0.5013133 0.5013133 0.5013133 0.5013133 0.5013133 0.5013133 0.5013133 0.5013133 0.5013133 0.5013133 0.5013133 0.5013133 0.5013133 0.5013133 0.5013133 0.5013649 0.5014678 0.5021145 0.5030097 0.5041803 0.5073502 0.5115025 0.5162077 0.5249227 0.5347527 0.5455668 0.5584164 0.5716413 0.5887142 0.6052821 0.6210042 0.6375733 0.6568567 0.6751729 0.6932416 0.7135977 0.7340364 0.7576516 0.7834527 0.8073513 0.8371821 0.8661495 0.902376 0.941453 1.004906 0.8338333 0.07118057 0.008933486 0 0 0 0 0 0 0 0 0 0 0 0 0 0 0 0 0 0 0 0 0 0 0 0 0 0 0 0 0 0 0 0 0 0 0 0 0 0 0 0 0 0 0 0 0 0 0 

Mean Total Cost by kMaj:  0.002829707 0.002829707 0.002829707 0.002829707 0.002829707 0.002829707 0.002829707 0.002829707 0.002829707 0.002829707 0.002829707 0.002829707 0.002829707 0.002829707 0.002829707 0.002829707 0.002829707 0.002829707 0.002829707 0.002829707 0.002832584 0.002835812 0.002854792 0.002893287 0.00293281 0.003039893 0.00318149 0.003340662 0.003651982 0.004018365 0.004486475 0.005065049 0.005722974 0.006630786 0.007675707 0.008949847 0.01051903 0.01271642 0.01530905 0.01863186 0.02269841 0.0283645 0.03665931 0.04828944 0.06304772 0.08594389 0.1191809 0.1785948 0.2912339 0.5946296 12.5165 3.324863 0.4430287 0 0 0 0 0 0 0 0 0 0 0 0 0 0 0 0 0 0 0 0 0 0 0 0 0 0 0 0 0 0 0 0 0 0 0 0 0 0 0 0 0 0 0 0 0 0 0 

Best Total Cost by kMaj:  0.0003902289 0.0003902289 0.0003902289 0.0003902289 0.0003902289 0.0003902289 0.0003902289 0.0003902289 0.0003902289 0.0003902289 0.0003902289 0.0003902289 0.0003902289 0.0003902289 0.0003902289 0.0003902289 0.0003902289 0.0003902289 0.0003902289 0.0003902289 0.0003902225 0.0003903223 0.0003905573 0.0003920301 0.0003935014 0.000398626 0.0004029339 0.0004054701 0.0004118206 0.000409826 0.0004059271 0.0003993613 0.0003915925 0.0003857701 0.0003636034 0.0003507526 0.0003337298 0.0003201972 0.0002935446 0.0002702145 0.0002416675 0.0002183175 0.0001931595 0.0001590801 0.0001184082 9.959319e-05 6.601888e-05 3.043447e-05 3.565159e-05 1.321096e-05 9.564996e-05 6.114413e-05 0 0 0 0 0 0 0 0 0 0 0 0 0 0 0 0 0 0 0 0 0 0 0 0 0 0 0 0 0 0 0 0 0 0 0 0 0 0 0 0 0 0 0 0 0 0 0 0 

Worst Total Cost by kMaj:  0.005013133 0.005013133 0.005013133 0.005013133 0.005013133 0.005013133 0.005013133 0.005013133 0.005013133 0.005013133 0.005013133 0.005013133 0.005013133 0.005013133 0.005013133 0.005013133 0.005013133 0.005013133 0.005013133 0.005013133 0.005018663 0.005024708 0.005061314 0.005135729 0.005213225 0.0054185 0.005693023 0.006003496 0.006608777 0.007331459 0.008259881 0.0094149 0.01072971 0.01255139 0.01465993 0.01721424 0.02035772 0.02475693 0.02996417 0.03661702 0.04478539 0.05613911 0.07274971 0.0960513 0.1256158 0.1714381 0.2379399 0.3568626 0.5821569 1.189045 25.03089 6.64866 0.8854608 0 0 0 0 0 0 0 0 0 0 0 0 0 0 0 0 0 0 0 0 0 0 0 0 0 0 0 0 0 0 0 0 0 0 0 0 0 0 0 0 0 0 0 0 0 0 0 

