This file is: multiR_3G_normalUtil_normalError_Info.txt

This file contains basic information about the simulation files contained in this folder.

Based on 1000  Iterations

Rounds Limit = 10000 

3 Groups:  50 30 20 

Utility Drawn From: 
Group 1: normal(-0.5,0.2)
Group 2: normal(0,0.2)
Group 3: normal(0.1,0.2)

Error Drawn From: 
Group 1: normal(-0.1,0.2)
Group 2: normal(0,0.2)
Group 3: normal(0,0.2)

Group Alpha: 
Group 1: .001
Group 2: .01
Group 3: .01
Per-Round Decision Cost:  0.01 

Min Rounds of Voting by kMaj:  

Mean Rounds of Voting by kMaj:  1 1 1 1 1 1 1 1 1 1 1 1 1 1 1 1 1 1.001 1.001 1.003 1.012 1.038 1.066 1.102 1.181 1.288 1.49 1.724 2.065 2.448 3.103 3.853 4.769 5.897 7.099 8.32 9.724 11.183 12.689 14.418 16.267 18.09 19.98 22.171 24.296 26.675 29.162 31.939 35.044 39.021 44.08 51.228 62.069 81.206 109.613 142.788 174.504 206.024 234.481 260.861 285.114 306.953 326.002 345.32 364.348 381.798 398.857 414.96 430.541 446.194 461.904 476.627 490.912 504.739 520.094 534.083 548.582 562.482 577.438 591.592 605.895 619.664 633.439 647.878 664.487 679.508 694.241 709.883 727.585 743.785 760.784 780.023 799.292 821.619 843.158 868.325 896.885 929.021 969.387 1028.021 

Max Rounds of Voting by kMaj:  

Mean Proposals Considered by kMaj:  1 1 1 1 1 1 1 1 1 1 1 1 1 1 1 1 1 1.001 1.001 1.003 1.012 1.038 1.066 1.102 1.181 1.288 1.49 1.724 2.065 2.448 3.103 3.853 4.769 5.897 7.099 8.32 9.724 11.183 12.689 14.418 16.267 18.09 19.98 22.171 24.296 26.675 29.162 31.939 35.044 39.021 44.08 51.228 62.069 81.206 109.613 142.788 174.504 206.024 234.481 260.861 285.114 306.953 326.002 345.32 364.348 381.798 398.857 414.96 430.541 446.194 461.904 476.627 490.912 504.739 520.094 534.083 548.582 562.482 577.438 591.592 605.895 619.664 633.439 647.878 664.487 679.508 694.241 709.883 727.585 743.785 760.784 780.023 799.292 821.619 843.158 868.325 896.885 929.021 969.387 1028.021 

Decision Costs by kMaj:  0.01 0.01 0.01 0.01 0.01 0.01 0.01 0.01 0.01 0.01 0.01 0.01 0.01 0.01 0.01 0.01 0.01 0.01001 0.01001 0.01003 0.01012 0.01038 0.01066 0.01102 0.01181 0.01288 0.0149 0.01724 0.02065 0.02448 0.03103 0.03853 0.04769 0.05897 0.07099 0.0832 0.09724 0.11183 0.12689 0.14418 0.16267 0.1809 0.1998 0.22171 0.24296 0.26675 0.29162 0.31939 0.35044 0.39021 0.4408 0.51228 0.62069 0.81206 1.09613 1.42788 1.74504 2.06024 2.34481 2.60861 2.85114 3.06953 3.26002 3.4532 3.64348 3.81798 3.98857 4.1496 4.30541 4.46194 4.61904 4.76627 4.90912 5.04739 5.20094 5.34083 5.48582 5.62482 5.77438 5.91592 6.05895 6.19664 6.33439 6.47878 6.64487 6.79508 6.94241 7.09883 7.27585 7.43785 7.60784 7.80023 7.99292 8.21619 8.43158 8.68325 8.96885 9.29021 9.69387 10.28021 

Mean External Cost by kMaj:  0.28199 0.28199 0.28199 0.28199 0.28199 0.28199 0.28199 0.28199 0.28199 0.28199 0.28199 0.28199 0.28199 0.28199 0.28199 0.28199 0.28199 0.2820106 0.2820106 0.2820346 0.2819565 0.281598 0.2815204 0.2811421 0.2805559 0.2798509 0.2789001 0.2778156 0.2762371 0.2747357 0.2722482 0.270696 0.2682809 0.2662613 0.2632564 0.2610667 0.258537 0.2563876 0.2534346 0.2507262 0.2485653 0.2464577 0.2440435 0.241591 0.2395281 0.2376115 0.2351239 0.2332917 0.2307759 0.2278159 0.2247125 0.2186189 0.2118566 0.2000983 0.1853411 0.1675373 0.1518649 0.1369959 0.124051 0.1127952 0.1021681 0.09305019 0.08546758 0.07777766 0.07074383 0.06491013 0.05943139 0.05468229 0.04959588 0.0450857 0.04088729 0.03739587 0.03375113 0.03026074 0.02723578 0.0246747 0.02244591 0.01982627 0.0177248 0.01589796 0.01399699 0.01234225 0.0107371 0.009287297 0.007876754 0.006633154 0.005663873 0.004805765 0.004042222 0.003244357 0.002660126 0.002081084 0.001602699 0.001211537 0.0008737529 0.0005767323 0.0003902544 0.0001998678 9.506773e-05 2.190882e-05 

Best External Cost by kMaj:  0.03841718 0.03841718 0.03841718 0.03841718 0.03841718 0.03841718 0.03841718 0.03841718 0.03841718 0.03841718 0.03841718 0.03841718 0.03841718 0.03841718 0.03841718 0.03841718 0.03841718 0.03841434 0.03841434 0.03839087 0.03827878 0.0379457 0.03785682 0.03755712 0.03677034 0.03599754 0.03436964 0.03319625 0.03186911 0.02983394 0.02766571 0.02550595 0.02282781 0.02074485 0.01818739 0.01588178 0.01377303 0.01170309 0.009983192 0.008100236 0.006450134 0.005137496 0.004083334 0.002951293 0.002123035 0.001579268 0.001032379 0.0006248916 0.0002894263 0.0001420979 5.228032e-05 1.476599e-05 5.873242e-06 0 0 0 0 0 0 0 0 0 0 0 0 0 0 0 0 0 0 0 0 0 0 0 0 0 0 0 0 0 0 0 0 0 0 0 0 0 0 0 0 0 0 0 0 0 0 0 

Worst External Cost by kMaj:  0.5009372 0.5009372 0.5009372 0.5009372 0.5009372 0.5009372 0.5009372 0.5009372 0.5009372 0.5009372 0.5009372 0.5009372 0.5009372 0.5009372 0.5009372 0.5009372 0.5009372 0.5009803 0.5009803 0.501081 0.501177 0.5008412 0.5008728 0.5005116 0.5003065 0.5001558 0.4998969 0.4995629 0.4983736 0.4978564 0.4961916 0.4963506 0.4950473 0.4947518 0.4923619 0.4912896 0.4900348 0.4888531 0.4859139 0.4838154 0.4820242 0.4801926 0.4774699 0.4748555 0.4725607 0.4700872 0.4663782 0.4638783 0.459703 0.4544967 0.4488365 0.436998 0.4236228 0.4001622 0.3706699 0.3350718 0.3037297 0.2739917 0.248102 0.2255904 0.2043362 0.1861004 0.1709352 0.1555553 0.1414877 0.1298203 0.1188628 0.1093646 0.09919176 0.0901714 0.08177459 0.07479174 0.06750226 0.06052147 0.05447156 0.0493494 0.04489182 0.03965254 0.0354496 0.03179591 0.02799399 0.0246845 0.0214742 0.01857459 0.01575351 0.01326631 0.01132775 0.00961153 0.008084444 0.006488714 0.005320252 0.004162169 0.003205399 0.002423074 0.001747506 0.001153465 0.0007805088 0.0003997356 0.0001901355 4.381764e-05 

Mean Total Cost by kMaj:  0.0028199 0.0028199 0.0028199 0.0028199 0.0028199 0.0028199 0.0028199 0.0028199 0.0028199 0.0028199 0.0028199 0.0028199 0.0028199 0.0028199 0.0028199 0.0028199 0.0028199 0.002822926 0.002822926 0.002828807 0.0028534 0.002922987 0.003001007 0.003098186 0.003313365 0.00360448 0.004155612 0.004789541 0.005704295 0.006725529 0.008447861 0.01042992 0.01279431 0.01570143 0.01868857 0.02172075 0.02514014 0.02867183 0.03215832 0.03614971 0.04043412 0.04458419 0.0487599 0.05356314 0.05819575 0.06338286 0.06856683 0.07451105 0.0808731 0.08889604 0.09905328 0.1119941 0.1314973 0.1624918 0.2031579 0.2392232 0.2650103 0.2822443 0.2908761 0.2942386 0.2912956 0.2856203 0.278626 0.2685818 0.2577537 0.2478256 0.2370462 0.2269096 0.2135306 0.2011697 0.18886 0.1782388 0.1656883 0.1527377 0.1416516 0.1317834 0.1231342 0.1115192 0.1023497 0.09405103 0.08480708 0.07648049 0.06801299 0.06017035 0.05234001 0.04507281 0.03932093 0.03411531 0.0294106 0.02413104 0.02023781 0.01623294 0.01281025 0.009954218 0.007367118 0.00500791 0.003500133 0.001856814 0.0009215742 0.0002252273 

Best Total Cost by kMaj:  0.0003841718 0.0003841718 0.0003841718 0.0003841718 0.0003841718 0.0003841718 0.0003841718 0.0003841718 0.0003841718 0.0003841718 0.0003841718 0.0003841718 0.0003841718 0.0003841718 0.0003841718 0.0003841718 0.0003841718 0.0003845276 0.0003845276 0.0003850605 0.0003873812 0.0003938763 0.0004035537 0.0004138794 0.0004342578 0.0004636483 0.0005121076 0.0005723034 0.0006580971 0.000730335 0.000858467 0.0009827442 0.001088658 0.001223324 0.001291123 0.001321364 0.001339289 0.001308757 0.001266767 0.001167892 0.001049243 0.000929373 0.0008158501 0.0006543312 0.0005158126 0.0004212696 0.0003010624 0.0001995841 0.0001014265 5.544803e-05 2.304517e-05 7.564322e-06 3.645463e-06 0 0 0 0 0 0 0 0 0 0 0 0 0 0 0 0 0 0 0 0 0 0 0 0 0 0 0 0 0 0 0 0 0 0 0 0 0 0 0 0 0 0 0 0 0 0 0 

Worst Total Cost by kMaj:  0.005009372 0.005009372 0.005009372 0.005009372 0.005009372 0.005009372 0.005009372 0.005009372 0.005009372 0.005009372 0.005009372 0.005009372 0.005009372 0.005009372 0.005009372 0.005009372 0.005009372 0.005014813 0.005014813 0.005025843 0.005071911 0.005198732 0.005339304 0.005515638 0.005908619 0.006442007 0.007448463 0.008612464 0.01029142 0.01218753 0.01539683 0.01912439 0.0236088 0.02917551 0.03495277 0.0408753 0.04765098 0.05466845 0.06165761 0.0697565 0.07841087 0.08686684 0.0953985 0.1052802 0.1148133 0.1253958 0.1360052 0.1481581 0.1610983 0.1773491 0.1978471 0.2238653 0.2629384 0.3249557 0.4063024 0.4784423 0.5300205 0.5644887 0.5817521 0.5884773 0.5825911 0.5712407 0.557252 0.5371636 0.5155075 0.4956512 0.4740925 0.4538192 0.4270612 0.4023394 0.3777201 0.3564776 0.3313767 0.3054755 0.2833033 0.2635668 0.2462684 0.2230384 0.2046994 0.1881021 0.1696142 0.152961 0.136026 0.1203407 0.10468 0.09014563 0.07864186 0.06823062 0.0588212 0.04826208 0.04047562 0.03246587 0.0256205 0.01990844 0.01473424 0.01001582 0.007000266 0.003713628 0.001843148 0.0004504545 

