This file is: multiR_3G_normalUtil_normalError_Info.txt

This file contains basic information about the simulation files contained in this folder.

Based on 1000  Iterations

Rounds Limit = FALSE 

3 Groups:  35 30 35 

Utility Drawn From: 
Group 1: normal(-0.3,0.2)
Group 2: normal(0,0.2)
Group 3: normal(0.3,0.2)

Error Drawn From: 
Group 1: normal(0,0.3)
Group 2: normal(0,0.3)
Group 3: normal(0,0.3)

Group Alpha: 
Group 1: .1
Group 2: .1
Group 3: .1
Note there are no Decision Costs for this run because there is only one round of voting.Mean External Cost by kMaj:  0.1340198 0.1340198 0.1340198 0.1340198 0.1340198 0.1340198 0.1340198 0.1340198 0.1340198 0.1340198 0.1340198 0.1340198 0.1340198 0.1340198 0.1340198 0.1340198 0.1340198 0.1340198 0.1340198 0.1340198 0.1340198 0.1340198 0.1340198 0.1340198 0.1340198 0.1340198 0.1340198 0.1340198 0.1340198 0.1340198 0.1340198 0.1340198 0.1340198 0.1339494 0.1339494 0.1339494 0.1339494 0.1338367 0.133579 0.1331632 0.1327414 0.1320287 0.1311804 0.1295669 0.1272842 0.1246391 0.1214948 0.1186346 0.115166 0.1106707 0.1064274 0.1017762 0.09714734 0.09286592 0.08837542 0.08398509 0.07939578 0.07422577 0.07017565 0.06646922 0.06174175 0.05832956 0.05545649 0.05175409 0.0489815 0.04556398 0.04235412 0.03972082 0.03604302 0.03342788 0.03099487 0.02836533 0.0263049 0.0241142 0.02203736 0.01996384 0.01809364 0.01618264 0.0145053 0.01292483 0.01119383 0.009961074 0.008820335 0.007527079 0.0063167 0.005348845 0.004382574 0.003555274 0.002920338 0.00222861 0.001705114 0.001251463 0.0009152091 0.000633274 0.0004475953 0.0002459298 0.000139389 4.874022e-05 2.061922e-05 3.634276e-06 

Best External Cost by kMaj:  0.0058676 0.0058676 0.0058676 0.0058676 0.0058676 0.0058676 0.0058676 0.0058676 0.0058676 0.0058676 0.0058676 0.0058676 0.0058676 0.0058676 0.0058676 0.0058676 0.0058676 0.0058676 0.0058676 0.0058676 0.0058676 0.0058676 0.0058676 0.0058676 0.0058676 0.0058676 0.0058676 0.0058676 0.0058676 0.0058676 0.0058676 0.0058676 0.0058676 0.005860741 0.005860741 0.005860741 0.005860741 0.005854746 0.005843725 0.005768826 0.005735276 0.005636564 0.005527887 0.005394539 0.00520496 0.004967851 0.004652071 0.004397514 0.004071063 0.003630954 0.003279377 0.00293833 0.002513479 0.00220772 0.001890924 0.001645334 0.001432474 0.001169221 0.001015614 0.0008967207 0.0007312391 0.000606037 0.0005352358 0.0004224295 0.0003834064 0.0003064454 0.0002455293 0.0002053302 0.0001263222 9.929652e-05 9.585231e-05 8.36249e-05 6.485147e-05 6.022831e-05 5.247753e-05 3.990875e-05 3.018498e-05 1.695821e-05 1.017827e-05 8.254509e-06 6.564813e-06 6.564813e-06 6.012652e-06 4.468075e-06 2.785347e-07 0 0 0 0 0 0 0 0 0 0 0 0 0 0 0 

Worst External Cost by kMaj:  0.3075998 0.3075998 0.3075998 0.3075998 0.3075998 0.3075998 0.3075998 0.3075998 0.3075998 0.3075998 0.3075998 0.3075998 0.3075998 0.3075998 0.3075998 0.3075998 0.3075998 0.3075998 0.3075998 0.3075998 0.3075998 0.3075998 0.3075998 0.3075998 0.3075998 0.3075998 0.3075998 0.3075998 0.3075998 0.3075998 0.3075998 0.3075998 0.3075998 0.3074874 0.3074874 0.3074874 0.3074874 0.3072767 0.3067117 0.3058821 0.3050104 0.3037449 0.3022093 0.2989263 0.2946438 0.2895683 0.2831647 0.2777461 0.271075 0.2618679 0.2533358 0.2438142 0.2345881 0.2258902 0.2161884 0.206627 0.196575 0.1850983 0.176247 0.1677555 0.1568004 0.1488079 0.1419909 0.1335762 0.12678 0.1185935 0.1108036 0.1042586 0.09534198 0.08873161 0.08252499 0.07583146 0.07052044 0.06486997 0.05952084 0.05411136 0.04914797 0.04411839 0.03967945 0.03549865 0.03086697 0.02749726 0.02436706 0.02083912 0.01753515 0.01488608 0.01224815 0.01000507 0.008235717 0.006286296 0.00482379 0.003556107 0.002610348 0.001809563 0.001279213 0.0007033994 0.0003983607 0.0001392578 5.891206e-05 1.038364e-05 

Mean Total Cost by kMaj:  0.01340198 0.01340198 0.01340198 0.01340198 0.01340198 0.01340198 0.01340198 0.01340198 0.01340198 0.01340198 0.01340198 0.01340198 0.01340198 0.01340198 0.01340198 0.01340198 0.01340198 0.01340198 0.01340198 0.01340198 0.01340198 0.01340198 0.01340198 0.01340198 0.01340198 0.01340198 0.01340198 0.01340198 0.01340198 0.01340198 0.01340198 0.01340198 0.01340198 0.01340834 0.01340834 0.01340834 0.01340834 0.01342382 0.01346476 0.01351606 0.01357944 0.01367818 0.0138133 0.01404505 0.01437039 0.01471987 0.01513825 0.01549367 0.01589291 0.01630179 0.01669846 0.01715947 0.01746709 0.0176631 0.01780765 0.01779644 0.01777671 0.01763604 0.0174597 0.01727535 0.01688019 0.01655976 0.01627648 0.0158471 0.01549775 0.01499511 0.0144724 0.01400159 0.01326383 0.01270594 0.01214379 0.01149647 0.01095862 0.01035946 0.009769162 0.009143438 0.00853477 0.007877712 0.007294713 0.006697649 0.005985339 0.005469626 0.004984371 0.004389793 0.003800758 0.003312005 0.002797397 0.00234577 0.001986122 0.001570279 0.001243369 0.000944104 0.0007161512 0.0005143451 0.0003782628 0.0002174265 0.0001290184 4.809198e-05 2.189761e-05 4.282994e-06 

Best Total Cost by kMaj:  0.00058676 0.00058676 0.00058676 0.00058676 0.00058676 0.00058676 0.00058676 0.00058676 0.00058676 0.00058676 0.00058676 0.00058676 0.00058676 0.00058676 0.00058676 0.00058676 0.00058676 0.00058676 0.00058676 0.00058676 0.00058676 0.00058676 0.00058676 0.00058676 0.00058676 0.00058676 0.00058676 0.00058676 0.00058676 0.00058676 0.00058676 0.00058676 0.00058676 0.0005866602 0.0005866602 0.0005866602 0.0005866602 0.0005872311 0.0005890475 0.0005855359 0.0005867187 0.000583948 0.0005820865 0.000584768 0.0005876399 0.0005867032 0.000579648 0.0005743153 0.0005618066 0.0005348395 0.0005145343 0.0004954024 0.0004519236 0.0004199083 0.0003810211 0.0003486462 0.000320731 0.000277807 0.0002526848 0.0002330577 0.0001999208 0.0001720539 0.0001570917 0.0001293479 0.0001213098 0.0001008512 8.389737e-05 7.237888e-05 4.648657e-05 3.774261e-05 3.755494e-05 3.389317e-05 2.701712e-05 2.587408e-05 2.326329e-05 1.827821e-05 1.423826e-05 8.255255e-06 5.118651e-06 4.277486e-06 3.510205e-06 3.604739e-06 3.39775e-06 2.605782e-06 1.675943e-07 0 0 0 0 0 0 0 0 0 0 0 0 0 0 0 

Worst Total Cost by kMaj:  0.03075998 0.03075998 0.03075998 0.03075998 0.03075998 0.03075998 0.03075998 0.03075998 0.03075998 0.03075998 0.03075998 0.03075998 0.03075998 0.03075998 0.03075998 0.03075998 0.03075998 0.03075998 0.03075998 0.03075998 0.03075998 0.03075998 0.03075998 0.03075998 0.03075998 0.03075998 0.03075998 0.03075998 0.03075998 0.03075998 0.03075998 0.03075998 0.03075998 0.03077948 0.03077948 0.03077948 0.03077948 0.03081985 0.03091654 0.03104703 0.03120256 0.03146797 0.03182264 0.03240361 0.03326528 0.03419802 0.03528232 0.03627364 0.03740836 0.03857315 0.03974839 0.04110707 0.04217894 0.04296431 0.04356197 0.04378427 0.04401314 0.04397936 0.04385024 0.04359966 0.04286922 0.04224656 0.04167434 0.04090102 0.04011318 0.03902913 0.03786158 0.03675116 0.03508585 0.03372688 0.03233329 0.03073449 0.02937882 0.02786814 0.02638559 0.024783 0.0231831 0.02147683 0.01995479 0.0183954 0.01650457 0.01509875 0.01376983 0.01215337 0.0105509 0.009217463 0.007817995 0.006601348 0.005601111 0.004429324 0.003517508 0.002682727 0.002042597 0.001469727 0.001081063 0.0006218754 0.0003687227 0.0001374056 6.256461e-05 1.223713e-05 

