This file is: multiR_3G_normalUtil_normalError_Info.txt

This file contains basic information about the simulation files contained in this folder.

Based on 1000  Iterations

Rounds Limit = 1 

3 Groups:  35 30 35 

Utility Drawn From: 
Group 1: normal(-0.3,0.2)
Group 2: normal(0,0.2)
Group 3: normal(0.3,0.2)

Error Drawn From: 
Group 1: normal(0,0.3)
Group 2: normal(0,0.3)
Group 3: normal(0,0.3)

Group Alpha: 
Group 1: 0
Group 2: 0
Group 3: 0
Note there are no Decision Costs for this run because there is only one round of voting.Mean External Cost by kMaj:  0.1324513 0.1324513 0.1324513 0.1324513 0.1324513 0.1324513 0.1324513 0.1324513 0.1324513 0.1324513 0.1324513 0.1324513 0.1324513 0.1324513 0.1324513 0.1324513 0.1324513 0.1324513 0.1324513 0.1324513 0.1324513 0.1324513 0.1324513 0.1324513 0.1324513 0.1324513 0.1324513 0.1324513 0.1324513 0.1324513 0.1324513 0.1324513 0.1324513 0.1324513 0.1324513 0.1324513 0.1324513 0.1323416 0.1321905 0.1320538 0.1314721 0.1303838 0.128332 0.1260511 0.1217521 0.1161111 0.1072122 0.09622153 0.08572591 0.07264118 0.06073476 0.04761475 0.03784136 0.0281473 0.01956284 0.01349131 0.008727757 0.005910172 0.002976705 0.0018968 0.0008970663 0.0003576561 0.0001337145 0 0 0 0 0 0 0 0 0 0 0 0 0 0 0 0 0 0 0 0 0 0 0 0 0 0 0 0 0 0 0 0 0 0 0 0 0 

Best External Cost by kMaj:  0.005973533 0.005973533 0.005973533 0.005973533 0.005973533 0.005973533 0.005973533 0.005973533 0.005973533 0.005973533 0.005973533 0.005973533 0.005973533 0.005973533 0.005973533 0.005973533 0.005973533 0.005973533 0.005973533 0.005973533 0.005973533 0.005973533 0.005973533 0.005973533 0.005973533 0.005973533 0.005973533 0.005973533 0.005973533 0.005973533 0.005973533 0.005973533 0.005973533 0.005973533 0.005973533 0.005973533 0.005973533 0.005969945 0.005958677 0.005950732 0.005914992 0.005854226 0.005774342 0.005635651 0.005430675 0.005072152 0.00463952 0.004123562 0.003601638 0.003100737 0.00255642 0.002059906 0.00157676 0.001208494 0.0008533686 0.0005905534 0.0003337636 0.0002265835 0.0001129372 6.285411e-05 3.091261e-05 4.493569e-06 1.64714e-06 0 0 0 0 0 0 0 0 0 0 0 0 0 0 0 0 0 0 0 0 0 0 0 0 0 0 0 0 0 0 0 0 0 0 0 0 0 

Worst External Cost by kMaj:  0.3050778 0.3050778 0.3050778 0.3050778 0.3050778 0.3050778 0.3050778 0.3050778 0.3050778 0.3050778 0.3050778 0.3050778 0.3050778 0.3050778 0.3050778 0.3050778 0.3050778 0.3050778 0.3050778 0.3050778 0.3050778 0.3050778 0.3050778 0.3050778 0.3050778 0.3050778 0.3050778 0.3050778 0.3050778 0.3050778 0.3050778 0.3050778 0.3050778 0.3050778 0.3050778 0.3050778 0.3050778 0.3048451 0.3045235 0.304198 0.3028887 0.3004415 0.2957929 0.2906766 0.280916 0.2679291 0.2476469 0.2223982 0.1982065 0.1680306 0.1407378 0.1104272 0.08784184 0.06530345 0.04557052 0.031516 0.02045704 0.01387683 0.006900221 0.004382745 0.002095512 0.0008393546 0.0003110346 0 0 0 0 0 0 0 0 0 0 0 0 0 0 0 0 0 0 0 0 0 0 0 0 0 0 0 0 0 0 0 0 0 0 0 0 0 

Mean Total Cost by kMaj:  0.1324513 0.1324513 0.1324513 0.1324513 0.1324513 0.1324513 0.1324513 0.1324513 0.1324513 0.1324513 0.1324513 0.1324513 0.1324513 0.1324513 0.1324513 0.1324513 0.1324513 0.1324513 0.1324513 0.1324513 0.1324513 0.1324513 0.1324513 0.1324513 0.1324513 0.1324513 0.1324513 0.1324513 0.1324513 0.1324513 0.1324513 0.1324513 0.1324513 0.1324513 0.1324513 0.1324513 0.1324513 0.1323416 0.1321905 0.1320538 0.1314721 0.1303838 0.128332 0.1260511 0.1217521 0.1161111 0.1072122 0.09622153 0.08572591 0.07264118 0.06073476 0.04761475 0.03784136 0.0281473 0.01956284 0.01349131 0.008727757 0.005910172 0.002976705 0.0018968 0.0008970663 0.0003576561 0.0001337145 0 0 0 0 0 0 0 0 0 0 0 0 0 0 0 0 0 0 0 0 0 0 0 0 0 0 0 0 0 0 0 0 0 0 0 0 0 

Best Total Cost by kMaj:  0.005973533 0.005973533 0.005973533 0.005973533 0.005973533 0.005973533 0.005973533 0.005973533 0.005973533 0.005973533 0.005973533 0.005973533 0.005973533 0.005973533 0.005973533 0.005973533 0.005973533 0.005973533 0.005973533 0.005973533 0.005973533 0.005973533 0.005973533 0.005973533 0.005973533 0.005973533 0.005973533 0.005973533 0.005973533 0.005973533 0.005973533 0.005973533 0.005973533 0.005973533 0.005973533 0.005973533 0.005973533 0.005969945 0.005958677 0.005950732 0.005914992 0.005854226 0.005774342 0.005635651 0.005430675 0.005072152 0.00463952 0.004123562 0.003601638 0.003100737 0.00255642 0.002059906 0.00157676 0.001208494 0.0008533686 0.0005905534 0.0003337636 0.0002265835 0.0001129372 6.285411e-05 3.091261e-05 4.493569e-06 1.64714e-06 0 0 0 0 0 0 0 0 0 0 0 0 0 0 0 0 0 0 0 0 0 0 0 0 0 0 0 0 0 0 0 0 0 0 0 0 0 

Worst Total Cost by kMaj:  0.3050778 0.3050778 0.3050778 0.3050778 0.3050778 0.3050778 0.3050778 0.3050778 0.3050778 0.3050778 0.3050778 0.3050778 0.3050778 0.3050778 0.3050778 0.3050778 0.3050778 0.3050778 0.3050778 0.3050778 0.3050778 0.3050778 0.3050778 0.3050778 0.3050778 0.3050778 0.3050778 0.3050778 0.3050778 0.3050778 0.3050778 0.3050778 0.3050778 0.3050778 0.3050778 0.3050778 0.3050778 0.3048451 0.3045235 0.304198 0.3028887 0.3004415 0.2957929 0.2906766 0.280916 0.2679291 0.2476469 0.2223982 0.1982065 0.1680306 0.1407378 0.1104272 0.08784184 0.06530345 0.04557052 0.031516 0.02045704 0.01387683 0.006900221 0.004382745 0.002095512 0.0008393546 0.0003110346 0 0 0 0 0 0 0 0 0 0 0 0 0 0 0 0 0 0 0 0 0 0 0 0 0 0 0 0 0 0 0 0 0 0 0 0 0 

