This file is: multiR_3G_normalUtil_normalError_Info.txt

This file contains basic information about the simulation files contained in this folder.

Based on 1000  Iterations

Rounds Limit = 1 

3 Groups:  50 30 20 

Utility Drawn From: 
Group 1: normal(-0.3,0.2)
Group 2: normal(0,0.2)
Group 3: normal(0.3,0.2)

Error Drawn From: 
Group 1: normal(0,0.3)
Group 2: normal(0,0.3)
Group 3: normal(0,0.3)

Group Alpha: 
Group 1: 0
Group 2: 0
Group 3: 0
Note there are no Decision Costs for this run because there is only one round of voting.Mean External Cost by kMaj:  0.1776487 0.1776487 0.1776487 0.1776487 0.1776487 0.1776487 0.1776487 0.1776487 0.1776487 0.1776487 0.1776487 0.1776487 0.1776487 0.1776487 0.1776487 0.1776487 0.1776487 0.1776487 0.1776487 0.1776487 0.1776487 0.1776487 0.1776487 0.1776487 0.1776487 0.1776487 0.177477 0.177477 0.177477 0.177477 0.1767326 0.1761661 0.1748383 0.1716262 0.1677322 0.1617224 0.1535179 0.1443915 0.1318527 0.1141647 0.1004108 0.08449081 0.06961934 0.05246466 0.03963241 0.02769795 0.02128854 0.01411746 0.009766486 0.004660741 0.002118806 0.0008230558 0 0 0 0 0 0 0 0 0 0 0 0 0 0 0 0 0 0 0 0 0 0 0 0 0 0 0 0 0 0 0 0 0 0 0 0 0 0 0 0 0 0 0 0 0 0 0 0 

Best External Cost by kMaj:  0.00597723 0.00597723 0.00597723 0.00597723 0.00597723 0.00597723 0.00597723 0.00597723 0.00597723 0.00597723 0.00597723 0.00597723 0.00597723 0.00597723 0.00597723 0.00597723 0.00597723 0.00597723 0.00597723 0.00597723 0.00597723 0.00597723 0.00597723 0.00597723 0.00597723 0.00597723 0.005969759 0.005969759 0.005969759 0.005969759 0.005919109 0.005901668 0.00583644 0.005699422 0.005553959 0.005337676 0.004960473 0.004682318 0.004203286 0.003561489 0.003148078 0.002622646 0.002075581 0.001471295 0.001033224 0.0007784553 0.0006224975 0.0003572663 0.0002291453 9.69918e-05 2.771467e-05 1.1225e-06 0 0 0 0 0 0 0 0 0 0 0 0 0 0 0 0 0 0 0 0 0 0 0 0 0 0 0 0 0 0 0 0 0 0 0 0 0 0 0 0 0 0 0 0 0 0 0 0 

Worst External Cost by kMaj:  0.3054929 0.3054929 0.3054929 0.3054929 0.3054929 0.3054929 0.3054929 0.3054929 0.3054929 0.3054929 0.3054929 0.3054929 0.3054929 0.3054929 0.3054929 0.3054929 0.3054929 0.3054929 0.3054929 0.3054929 0.3054929 0.3054929 0.3054929 0.3054929 0.3054929 0.3054929 0.305213 0.305213 0.305213 0.305213 0.3039374 0.3029678 0.3007049 0.2952116 0.2886088 0.2784266 0.2642816 0.248801 0.2273605 0.1971893 0.1737006 0.1461387 0.1205685 0.0909156 0.06874351 0.04811373 0.03689428 0.02447698 0.01691102 0.008049419 0.003622347 0.001397486 0 0 0 0 0 0 0 0 0 0 0 0 0 0 0 0 0 0 0 0 0 0 0 0 0 0 0 0 0 0 0 0 0 0 0 0 0 0 0 0 0 0 0 0 0 0 0 0 

Mean Total Cost by kMaj:  0 0 0 0 0 0 0 0 0 0 0 0 0 0 0 0 0 0 0 0 0 0 0 0 0 0 0 0 0 0 0 0 0 0 0 0 0 0 0 0 0 0 0 0 0 0 0 0 0 0 0 0 0 0 0 0 0 0 0 0 0 0 0 0 0 0 0 0 0 0 0 0 0 0 0 0 0 0 0 0 0 0 0 0 0 0 0 0 0 0 0 0 0 0 0 0 0 0 0 0 

Best Total Cost by kMaj:  0 0 0 0 0 0 0 0 0 0 0 0 0 0 0 0 0 0 0 0 0 0 0 0 0 0 0 0 0 0 0 0 0 0 0 0 0 0 0 0 0 0 0 0 0 0 0 0 0 0 0 0 0 0 0 0 0 0 0 0 0 0 0 0 0 0 0 0 0 0 0 0 0 0 0 0 0 0 0 0 0 0 0 0 0 0 0 0 0 0 0 0 0 0 0 0 0 0 0 0 

Worst Total Cost by kMaj:  0 0 0 0 0 0 0 0 0 0 0 0 0 0 0 0 0 0 0 0 0 0 0 0 0 0 0 0 0 0 0 0 0 0 0 0 0 0 0 0 0 0 0 0 0 0 0 0 0 0 0 0 0 0 0 0 0 0 0 0 0 0 0 0 0 0 0 0 0 0 0 0 0 0 0 0 0 0 0 0 0 0 0 0 0 0 0 0 0 0 0 0 0 0 0 0 0 0 0 0 

