This file is: multiR_3G_normalUtil_normalError_Info.txt

This file contains basic information about the simulation files contained in this folder.

Based on 1000  Iterations

Rounds Limit = FALSE 

3 Groups:  35 30 35 

Utility Drawn From: 
Group 1: normal(-0.3,0.2)
Group 2: normal(0,0.2)
Group 3: normal(0.3,0.2)

Error Drawn From: 
Group 1: normal(0,0.3)
Group 2: normal(0,0.3)
Group 3: normal(0,0.3)

Group Alpha: 
Group 1: .1/r
Group 2: .1/r
Group 3: .1/r
Note there are no Decision Costs for this run because there is only one round of voting.Mean External Cost by kMaj:  0.1324603 0.1324603 0.1324603 0.1324603 0.1324603 0.1324603 0.1324603 0.1324603 0.1324603 0.1324603 0.1324603 0.1324603 0.1324603 0.1324603 0.1324603 0.1324603 0.1324603 0.1324603 0.1324603 0.1324603 0.1324603 0.1324603 0.1324603 0.1324603 0.1324603 0.1324603 0.1324603 0.1324603 0.1324603 0.1324603 0.1324603 0.1324603 0.1324603 0.1324603 0.1324603 0.1324603 0.1323561 0.1323045 0.1320471 0.131828 0.1314156 0.1310237 0.1298394 0.1285541 0.1267379 0.1241612 0.1212173 0.1173454 0.1137334 0.1088808 0.1049079 0.1004593 0.09689446 0.09373945 0.09030157 0.08690991 0.08375997 0.07984543 0.07671111 0.07393716 0.07065946 0.06777691 0.06468887 0.06162546 0.05867409 0.05576849 0.05259708 0.04952019 0.04687541 0.04408485 0.04147501 0.0386492 0.03605897 0.03336883 0.03123771 0.02887635 0.02624269 0.02404039 0.02215642 0.02019032 0.01838662 0.01678892 0.01493336 0.01336678 0.01176865 0.0103199 0.009001224 0.007519477 0.006661598 0.005647529 0.004528674 0.0036064 0.00285024 0.002217549 0.001694878 0.001293655 0.0008753848 0.0005376145 0.0002905452 0.0001138465 

Best External Cost by kMaj:  0.005820502 0.005820502 0.005820502 0.005820502 0.005820502 0.005820502 0.005820502 0.005820502 0.005820502 0.005820502 0.005820502 0.005820502 0.005820502 0.005820502 0.005820502 0.005820502 0.005820502 0.005820502 0.005820502 0.005820502 0.005820502 0.005820502 0.005820502 0.005820502 0.005820502 0.005820502 0.005820502 0.005820502 0.005820502 0.005820502 0.005820502 0.005820502 0.005820502 0.005820502 0.005820502 0.005820502 0.005812283 0.00581328 0.005807691 0.005781913 0.005761125 0.005685041 0.005564089 0.005463801 0.00525381 0.005033538 0.004756843 0.004372371 0.003991158 0.003549576 0.003170911 0.002797811 0.002566076 0.00219925 0.001998826 0.001738751 0.001538099 0.001338077 0.001140883 0.0009285299 0.0008188988 0.0007766391 0.0006734727 0.0005986182 0.0005059146 0.000442442 0.0003721201 0.0002939097 0.0002441317 0.0001982148 0.0001777687 0.000173235 0.0001269407 9.573403e-05 8.028803e-05 6.342915e-05 4.757073e-05 4.348297e-05 1.641357e-05 2.06508e-05 1.419976e-05 7.09007e-06 5.148475e-06 1.468804e-06 3.49112e-06 1.115471e-06 1.115471e-06 1.115471e-06 0 0 0 0 0 0 0 0 0 0 0 0 

Worst External Cost by kMaj:  0.304152 0.304152 0.304152 0.304152 0.304152 0.304152 0.304152 0.304152 0.304152 0.304152 0.304152 0.304152 0.304152 0.304152 0.304152 0.304152 0.304152 0.304152 0.304152 0.304152 0.304152 0.304152 0.304152 0.304152 0.304152 0.304152 0.304152 0.304152 0.304152 0.304152 0.304152 0.304152 0.304152 0.304152 0.304152 0.304152 0.3039402 0.3038129 0.3033204 0.3029981 0.3022734 0.3015375 0.2992745 0.296719 0.2932626 0.2884557 0.28252 0.2748966 0.2678137 0.2580422 0.2502802 0.2413048 0.2340728 0.2278163 0.220366 0.2134953 0.2068851 0.1986187 0.1920538 0.185858 0.1789569 0.1721193 0.1649378 0.1579088 0.150817 0.1438196 0.1361066 0.1287649 0.1222471 0.1153638 0.1091073 0.1020079 0.09533076 0.0886167 0.08343413 0.07752269 0.07063692 0.06491797 0.060048 0.05501209 0.05007982 0.04603701 0.0409913 0.03677611 0.03243209 0.02855401 0.02500225 0.02089103 0.01856889 0.01571773 0.01269723 0.01013313 0.00804463 0.006268152 0.004796749 0.003658385 0.002482034 0.001526278 0.0008282073 0.0003254993 

Mean Total Cost by kMaj:  0.01324603 0.01324603 0.01324603 0.01324603 0.01324603 0.01324603 0.01324603 0.01324603 0.01324603 0.01324603 0.01324603 0.01324603 0.01324603 0.01324603 0.01324603 0.01324603 0.01324603 0.01324603 0.01324603 0.01324603 0.01324603 0.01324603 0.01324603 0.01324603 0.01324603 0.01324603 0.01324603 0.01324603 0.01324603 0.01324603 0.01324603 0.01324603 0.01324603 0.01324603 0.01324603 0.01324603 0.01326208 0.01327014 0.01329715 0.01332781 0.01339125 0.01346924 0.0136591 0.01381957 0.01408058 0.01446478 0.0148976 0.01532531 0.01579757 0.01629945 0.01671184 0.01721872 0.01754759 0.01785736 0.01816868 0.01856396 0.01896326 0.01945833 0.02003694 0.02056932 0.02116958 0.02168861 0.02225944 0.02280758 0.0234051 0.02412545 0.02488368 0.02579011 0.02650804 0.02729293 0.02835647 0.02900236 0.02968374 0.0308328 0.03175001 0.03241371 0.03320488 0.03403157 0.03494954 0.03575099 0.03658385 0.0380504 0.0382055 0.0393411 0.0394485 0.03977806 0.03977191 0.03898623 0.04060244 0.0404781 0.03921107 0.03798081 0.03631577 0.03504969 0.03378231 0.03330114 0.03004242 0.02649735 0.02180379 0.01617221 

Best Total Cost by kMaj:  0.0005820502 0.0005820502 0.0005820502 0.0005820502 0.0005820502 0.0005820502 0.0005820502 0.0005820502 0.0005820502 0.0005820502 0.0005820502 0.0005820502 0.0005820502 0.0005820502 0.0005820502 0.0005820502 0.0005820502 0.0005820502 0.0005820502 0.0005820502 0.0005820502 0.0005820502 0.0005820502 0.0005820502 0.0005820502 0.0005820502 0.0005820502 0.0005820502 0.0005820502 0.0005820502 0.0005820502 0.0005820502 0.0005820502 0.0005820502 0.0005820502 0.0005820502 0.0005823907 0.000583072 0.0005848344 0.0005845514 0.0005870586 0.0005844222 0.0005853422 0.0005873586 0.0005836983 0.0005864072 0.000584616 0.0005710317 0.0005543718 0.0005313715 0.0005051261 0.0004795448 0.0004647164 0.0004189572 0.0004021639 0.0003713973 0.0003482257 0.0003260893 0.0002979986 0.000258317 0.0002453421 0.0002485245 0.0002317419 0.0002215486 0.0002018093 0.0001914004 0.00017605 0.0001530682 0.0001380565 0.0001227148 0.0001215405 0.0001299956 0.0001044976 8.845824e-05 8.160475e-05 7.119922e-05 6.019125e-05 6.155449e-05 2.589076e-05 3.656638e-05 2.825326e-05 1.606894e-05 1.317186e-05 4.322985e-06 1.170223e-05 4.299583e-06 4.928709e-06 5.783383e-06 0 0 0 0 0 0 0 0 0 0 0 0 

Worst Total Cost by kMaj:  0.0304152 0.0304152 0.0304152 0.0304152 0.0304152 0.0304152 0.0304152 0.0304152 0.0304152 0.0304152 0.0304152 0.0304152 0.0304152 0.0304152 0.0304152 0.0304152 0.0304152 0.0304152 0.0304152 0.0304152 0.0304152 0.0304152 0.0304152 0.0304152 0.0304152 0.0304152 0.0304152 0.0304152 0.0304152 0.0304152 0.0304152 0.0304152 0.0304152 0.0304152 0.0304152 0.0304152 0.03045481 0.03047244 0.03054437 0.03063311 0.03080166 0.03099805 0.03148368 0.03189729 0.03258148 0.03360509 0.0347217 0.03590149 0.03719933 0.03862892 0.03986963 0.04135965 0.04239059 0.043399 0.04433764 0.04560259 0.04683878 0.04840338 0.05016445 0.0517057 0.05361548 0.05507817 0.05675511 0.05844203 0.06016091 0.06221636 0.06439205 0.06706078 0.06913075 0.07142176 0.07459669 0.07654673 0.07847628 0.08188183 0.08480245 0.08701922 0.0893769 0.09189788 0.09471972 0.09740991 0.09964382 0.1043383 0.1048721 0.1082394 0.1087124 0.1100614 0.1104724 0.1083137 0.1131774 0.1126552 0.1099377 0.1067171 0.102499 0.09907191 0.09560879 0.09417377 0.08518119 0.07522553 0.06215232 0.04623806 

