This file is: multiR_3G_normalUtil_normalError_Info.txt

This file contains basic information about the simulation files contained in this folder.

Based on 1000  Iterations

Rounds Limit = FALSE 

3 Groups:  35 30 35 

Utility Drawn From: 
Group 1: normal(-0.3,0.2)
Group 2: normal(0,0.2)
Group 3: normal(0.3,0.2)

Error Drawn From: 
Group 1: normal(0,0.3)
Group 2: normal(0,0.3)
Group 3: normal(0,0.3)

Group Alpha: 
Group 1: .1/r
Group 2: .1/r
Group 3: .1/r
Note there are no Decision Costs for this run because there is only one round of voting.Mean External Cost by kMaj:  0.1331055 0.1331055 0.1331055 0.1331055 0.1331055 0.1331055 0.1331055 0.1331055 0.1331055 0.1331055 0.1331055 0.1331055 0.1331055 0.1331055 0.1331055 0.1331055 0.1331055 0.1331055 0.1331055 0.1331055 0.1331055 0.1331055 0.1331055 0.1331055 0.1331055 0.1331055 0.1331055 0.1331055 0.1331055 0.1331055 0.1331055 0.1331055 0.1331055 0.1331055 0.1331055 0.1331055 0.1331055 0.1331055 0.1327538 0.1326598 0.1324677 0.1320514 0.1313074 0.1296821 0.1271171 0.1248791 0.1217311 0.1183979 0.1149581 0.1101012 0.1056539 0.1014481 0.09743352 0.09347838 0.0899904 0.08624385 0.0833377 0.08016243 0.07726439 0.07407031 0.07063921 0.06735736 0.06405923 0.06092934 0.05785565 0.05512838 0.05249579 0.04971138 0.04693243 0.04435881 0.04164389 0.03888796 0.03615685 0.03355964 0.03087313 0.02845033 0.02619908 0.0242286 0.0223055 0.02046551 0.01874762 0.01692019 0.01498511 0.01322649 0.01194041 0.0103087 0.008862666 0.007663526 0.006584958 0.005510377 0.004682561 0.003677912 0.002908867 0.002295507 0.001743062 0.001234365 0.000806818 0.0005165207 0.0002782647 0.0001301836 

Best External Cost by kMaj:  0.005997369 0.005997369 0.005997369 0.005997369 0.005997369 0.005997369 0.005997369 0.005997369 0.005997369 0.005997369 0.005997369 0.005997369 0.005997369 0.005997369 0.005997369 0.005997369 0.005997369 0.005997369 0.005997369 0.005997369 0.005997369 0.005997369 0.005997369 0.005997369 0.005997369 0.005997369 0.005997369 0.005997369 0.005997369 0.005997369 0.005997369 0.005997369 0.005997369 0.005997369 0.005997369 0.005997369 0.005997369 0.005997369 0.00597728 0.00598038 0.005955135 0.00591721 0.005857661 0.005666317 0.005417117 0.005161386 0.00481848 0.004495147 0.004164806 0.003767543 0.003355412 0.00300395 0.002573911 0.002260723 0.001985607 0.001730979 0.001618 0.001471637 0.001351427 0.001238757 0.001059425 0.0008536315 0.0007453257 0.0005988118 0.0005014096 0.0004355116 0.0004030255 0.000330408 0.0002994123 0.000286593 0.0002274284 0.00018013 0.0001237933 0.000125444 0.0001169032 7.931431e-05 5.861712e-05 3.501312e-05 1.869276e-05 8.909911e-06 8.436857e-06 6.849069e-06 7.175847e-06 3.109607e-06 3.088964e-06 3.088964e-06 9.158717e-07 0 0 0 0 0 0 0 0 0 0 0 0 0 

Worst External Cost by kMaj:  0.3050499 0.3050499 0.3050499 0.3050499 0.3050499 0.3050499 0.3050499 0.3050499 0.3050499 0.3050499 0.3050499 0.3050499 0.3050499 0.3050499 0.3050499 0.3050499 0.3050499 0.3050499 0.3050499 0.3050499 0.3050499 0.3050499 0.3050499 0.3050499 0.3050499 0.3050499 0.3050499 0.3050499 0.3050499 0.3050499 0.3050499 0.3050499 0.3050499 0.3050499 0.3050499 0.3050499 0.3050499 0.3050499 0.3043876 0.3041961 0.3038069 0.3030357 0.3015801 0.2985393 0.2937312 0.289214 0.2831944 0.2764345 0.2697307 0.2600455 0.251163 0.2426872 0.2346948 0.2266575 0.2194645 0.2116357 0.2057421 0.1989794 0.1923161 0.1852767 0.1774488 0.1703247 0.1626993 0.1555772 0.1484119 0.1422177 0.135962 0.1292745 0.1224728 0.1162612 0.1094808 0.1027627 0.09588015 0.08929284 0.08242183 0.07639501 0.07050922 0.06560788 0.0605548 0.05564412 0.05106656 0.04625472 0.04111779 0.0363843 0.03280007 0.02840462 0.02450487 0.02129861 0.01841066 0.01541682 0.01314037 0.01032913 0.008170993 0.00648066 0.004924001 0.003511065 0.002292667 0.001470435 0.0007936778 0.0003727906 

Mean Total Cost by kMaj:  0.001331055 0.001331055 0.001331055 0.001331055 0.001331055 0.001331055 0.001331055 0.001331055 0.001331055 0.001331055 0.001331055 0.001331055 0.001331055 0.001331055 0.001331055 0.001331055 0.001331055 0.001331055 0.001331055 0.001331055 0.001331055 0.001331055 0.001331055 0.001331055 0.001331055 0.001331055 0.001331055 0.001331055 0.001331055 0.001331055 0.001331055 0.001331055 0.001331055 0.001331055 0.001331055 0.001331055 0.001331055 0.001331055 0.001335503 0.001337211 0.001340573 0.001346924 0.001359031 0.001381114 0.001419898 0.001449847 0.001498509 0.001536804 0.001585273 0.001643811 0.001686237 0.001723602 0.001759649 0.00179385 0.001816006 0.00185338 0.001891766 0.001936724 0.001985695 0.002044341 0.002095865 0.002164865 0.002203637 0.002259869 0.002333897 0.002396982 0.002463102 0.002539755 0.002622584 0.002713428 0.002801801 0.00288782 0.002965585 0.003023723 0.00312714 0.003193265 0.003244757 0.003329494 0.003420772 0.003534804 0.003669096 0.003763897 0.003787188 0.00378529 0.003925052 0.003918232 0.003934492 0.003941582 0.003983504 0.003910329 0.003949319 0.003745806 0.003643327 0.003571786 0.003441379 0.003185809 0.002790267 0.002539515 0.002072212 0.001771969 

Best Total Cost by kMaj:  5.997369e-05 5.997369e-05 5.997369e-05 5.997369e-05 5.997369e-05 5.997369e-05 5.997369e-05 5.997369e-05 5.997369e-05 5.997369e-05 5.997369e-05 5.997369e-05 5.997369e-05 5.997369e-05 5.997369e-05 5.997369e-05 5.997369e-05 5.997369e-05 5.997369e-05 5.997369e-05 5.997369e-05 5.997369e-05 5.997369e-05 5.997369e-05 5.997369e-05 5.997369e-05 5.997369e-05 5.997369e-05 5.997369e-05 5.997369e-05 5.997369e-05 5.997369e-05 5.997369e-05 5.997369e-05 5.997369e-05 5.997369e-05 5.997369e-05 5.997369e-05 6.013144e-05 6.028223e-05 6.026597e-05 6.035554e-05 6.062679e-05 6.034628e-05 6.05092e-05 5.992369e-05 5.931549e-05 5.8347e-05 5.743268e-05 5.624941e-05 5.355237e-05 5.103711e-05 4.648483e-05 4.338327e-05 4.006955e-05 3.719874e-05 3.672861e-05 3.555475e-05 3.473168e-05 3.41897e-05 3.143314e-05 2.743572e-05 2.56392e-05 2.220993e-05 2.022687e-05 1.893604e-05 1.890996e-05 1.688055e-05 1.673116e-05 1.753089e-05 1.530138e-05 1.337646e-05 1.015352e-05 1.130251e-05 1.184112e-05 8.902239e-06 7.25973e-06 4.811502e-06 2.866722e-06 1.53892e-06 1.651177e-06 1.523575e-06 1.813552e-06 8.899385e-07 1.015404e-06 1.174084e-06 4.065921e-07 0 0 0 0 0 0 0 0 0 0 0 0 0 

Worst Total Cost by kMaj:  0.003050499 0.003050499 0.003050499 0.003050499 0.003050499 0.003050499 0.003050499 0.003050499 0.003050499 0.003050499 0.003050499 0.003050499 0.003050499 0.003050499 0.003050499 0.003050499 0.003050499 0.003050499 0.003050499 0.003050499 0.003050499 0.003050499 0.003050499 0.003050499 0.003050499 0.003050499 0.003050499 0.003050499 0.003050499 0.003050499 0.003050499 0.003050499 0.003050499 0.003050499 0.003050499 0.003050499 0.003050499 0.003050499 0.003062139 0.003066297 0.003074525 0.003090965 0.003121354 0.003179443 0.003280978 0.003357775 0.003486123 0.003588119 0.003719586 0.003882479 0.004008561 0.004123256 0.004238587 0.004349558 0.004428794 0.004548052 0.004670346 0.004807343 0.004942524 0.005113638 0.005264906 0.005474237 0.005596857 0.005770357 0.005986935 0.006183627 0.006379336 0.006604632 0.006843781 0.0071117 0.00736587 0.007631155 0.00786409 0.008045285 0.008348507 0.008574576 0.008732566 0.009015835 0.009286685 0.009610852 0.009994236 0.01028936 0.0103917 0.01041282 0.01078204 0.01079631 0.01087869 0.01095451 0.01113735 0.01094024 0.01108272 0.0105198 0.01023409 0.01008384 0.009721603 0.009061814 0.007928869 0.007229511 0.005910447 0.005074168 

