This file is: multiR_3G_normalUtil_normalError_Info.txt

This file contains basic information about the simulation files contained in this folder.

Based on 1000  Iterations

Rounds Limit = FALSE 

3 Groups:  35 30 35 

Utility Drawn From: 
Group 1: normal(-0.3,0.2)
Group 2: normal(0,0.2)
Group 3: normal(0.3,0.2)

Error Drawn From: 
Group 1: normal(0,0.3)
Group 2: normal(0,0.3)
Group 3: normal(0,0.3)

Group Alpha: 
Group 1: .1
Group 2: .1
Group 3: .1
Note there are no Decision Costs for this run because there is only one round of voting.Mean External Cost by kMaj:  0.132351 0.132351 0.132351 0.132351 0.132351 0.132351 0.132351 0.132351 0.132351 0.132351 0.132351 0.132351 0.132351 0.132351 0.132351 0.132351 0.132351 0.132351 0.132351 0.132351 0.132351 0.132351 0.132351 0.132351 0.132351 0.132351 0.132351 0.132351 0.132351 0.132351 0.132351 0.132351 0.132351 0.132351 0.132351 0.132351 0.132351 0.1322793 0.1322793 0.1320432 0.1315565 0.1307986 0.1296474 0.1282325 0.1265216 0.1240422 0.1214918 0.118303 0.1144035 0.1098934 0.1054238 0.1012744 0.09700323 0.0932919 0.08871106 0.08434556 0.08004543 0.07556607 0.07242725 0.06787574 0.06411017 0.06052346 0.05634376 0.05246991 0.04914746 0.0458782 0.04283896 0.03993875 0.03741051 0.03461227 0.0323505 0.02963438 0.02736031 0.02453202 0.02246253 0.02022417 0.01804674 0.01651366 0.01501173 0.01321255 0.0116462 0.01007343 0.008727283 0.007423369 0.006254567 0.005192815 0.004340788 0.00365671 0.002950806 0.002374058 0.001819989 0.001364719 0.001045141 0.0006957328 0.0004526774 0.0002749288 0.0001389299 5.856078e-05 2.730368e-05 4.433683e-06 

Best External Cost by kMaj:  0.005828376 0.005828376 0.005828376 0.005828376 0.005828376 0.005828376 0.005828376 0.005828376 0.005828376 0.005828376 0.005828376 0.005828376 0.005828376 0.005828376 0.005828376 0.005828376 0.005828376 0.005828376 0.005828376 0.005828376 0.005828376 0.005828376 0.005828376 0.005828376 0.005828376 0.005828376 0.005828376 0.005828376 0.005828376 0.005828376 0.005828376 0.005828376 0.005828376 0.005828376 0.005828376 0.005828376 0.005828376 0.005822497 0.005822497 0.00579397 0.005732837 0.005646373 0.005555811 0.005415802 0.005294864 0.005024491 0.00484805 0.004506698 0.00414715 0.003695233 0.003294882 0.002979971 0.002637936 0.002408157 0.002112738 0.001853172 0.001618925 0.001406258 0.00123486 0.0010177 0.0008310138 0.0007295909 0.0005845813 0.0004771476 0.0003655933 0.0003223296 0.0002569474 0.0002199506 0.0001867559 0.000140794 0.0001146518 8.385771e-05 6.628717e-05 5.37778e-05 3.068157e-05 2.246732e-05 1.376818e-05 1.009585e-05 9.552933e-06 8.3466e-06 8.3466e-06 5.610649e-06 2.820695e-06 0 0 0 0 0 0 0 0 0 0 0 0 0 0 0 0 0 

Worst External Cost by kMaj:  0.30409 0.30409 0.30409 0.30409 0.30409 0.30409 0.30409 0.30409 0.30409 0.30409 0.30409 0.30409 0.30409 0.30409 0.30409 0.30409 0.30409 0.30409 0.30409 0.30409 0.30409 0.30409 0.30409 0.30409 0.30409 0.30409 0.30409 0.30409 0.30409 0.30409 0.30409 0.30409 0.30409 0.30409 0.30409 0.30409 0.30409 0.3039745 0.3039745 0.3035874 0.3026294 0.3011569 0.2987573 0.2960764 0.2927002 0.2878974 0.2828349 0.2767902 0.2689493 0.2601983 0.2513113 0.2428656 0.2342085 0.2264839 0.2168003 0.207121 0.1974705 0.1874839 0.1805805 0.1705923 0.1620545 0.1540192 0.1446032 0.1354502 0.1274837 0.1194696 0.1119882 0.1048355 0.09850418 0.09151566 0.08589055 0.07900392 0.07339203 0.06610702 0.06072863 0.0549118 0.04918438 0.04508113 0.04109455 0.03625116 0.0320993 0.02785025 0.02415137 0.02061646 0.01743771 0.01450434 0.01217003 0.0102553 0.008300505 0.006681425 0.005137168 0.003861708 0.002957944 0.001972072 0.00128486 0.0007806474 0.0003969426 0.0001673165 7.801052e-05 1.266767e-05 

Mean Total Cost by kMaj:  0.142351 0.142351 0.142351 0.142351 0.142351 0.142351 0.142351 0.142351 0.142351 0.142351 0.142351 0.142351 0.142351 0.142351 0.142351 0.142351 0.142351 0.142351 0.142351 0.142351 0.142351 0.142351 0.142351 0.142351 0.142351 0.142351 0.142351 0.142351 0.142351 0.142351 0.142351 0.142351 0.142351 0.142351 0.142351 0.142351 0.142351 0.1422893 0.1422893 0.1420932 0.1416965 0.1410786 0.1401274 0.1389725 0.1375716 0.1355722 0.1336018 0.131073 0.1279535 0.1245534 0.1210838 0.1178944 0.1146732 0.1118819 0.1085411 0.1052456 0.1020554 0.09882607 0.09667725 0.09343574 0.09089017 0.08849346 0.08560376 0.08305991 0.08094746 0.0789082 0.07707896 0.07537875 0.07399051 0.07250227 0.0713605 0.07001438 0.06896031 0.06770202 0.06691253 0.06618417 0.06556674 0.06530366 0.06517173 0.06496255 0.0649062 0.06505343 0.06524728 0.06561337 0.06636457 0.06717281 0.06821079 0.06918671 0.07068081 0.07232406 0.07428999 0.07638472 0.07874514 0.08144573 0.08467268 0.08836493 0.09271893 0.09860856 0.1058573 0.1184844 

Best Total Cost by kMaj:  0.01582838 0.01582838 0.01582838 0.01582838 0.01582838 0.01582838 0.01582838 0.01582838 0.01582838 0.01582838 0.01582838 0.01582838 0.01582838 0.01582838 0.01582838 0.01582838 0.01582838 0.01582838 0.01582838 0.01582838 0.01582838 0.01582838 0.01582838 0.01582838 0.01582838 0.01582838 0.01582838 0.01582838 0.01582838 0.01582838 0.01582838 0.01582838 0.01582838 0.01582838 0.01582838 0.01582838 0.01582838 0.0158325 0.0158325 0.01584397 0.01587284 0.01592637 0.01603581 0.0161558 0.01634486 0.01655449 0.01695805 0.0172767 0.01769715 0.01835523 0.01895488 0.01959997 0.02030794 0.02099816 0.02194274 0.02275317 0.02362893 0.02466626 0.02548486 0.0265777 0.02761101 0.02869959 0.02984458 0.03106715 0.03216559 0.03335233 0.03449695 0.03565995 0.03676676 0.03803079 0.03912465 0.04046386 0.04166629 0.04322378 0.04448068 0.04598247 0.04753377 0.0488001 0.05016955 0.05175835 0.05326835 0.05498561 0.05652282 0.05819 0.06011 0.06198 0.06387 0.06553 0.06773 0.06995 0.07247 0.07502 0.0777 0.08075 0.08422 0.08809 0.09258 0.09855 0.10583 0.11848 

Worst Total Cost by kMaj:  0.31409 0.31409 0.31409 0.31409 0.31409 0.31409 0.31409 0.31409 0.31409 0.31409 0.31409 0.31409 0.31409 0.31409 0.31409 0.31409 0.31409 0.31409 0.31409 0.31409 0.31409 0.31409 0.31409 0.31409 0.31409 0.31409 0.31409 0.31409 0.31409 0.31409 0.31409 0.31409 0.31409 0.31409 0.31409 0.31409 0.31409 0.3139845 0.3139845 0.3136374 0.3127694 0.3114369 0.3092373 0.3068164 0.3037502 0.2994274 0.2949449 0.2895602 0.2824993 0.2748583 0.2669713 0.2594856 0.2518785 0.2450739 0.2366303 0.228021 0.2194805 0.2107439 0.2048305 0.1961523 0.1888345 0.1819892 0.1738632 0.1660402 0.1592837 0.1524996 0.1462282 0.1402755 0.1350842 0.1294057 0.1249005 0.1193839 0.114992 0.109277 0.1051786 0.1008718 0.09670438 0.09387113 0.09125455 0.08800116 0.0853593 0.08283025 0.08067137 0.07880646 0.07754771 0.07648434 0.07604003 0.0757853 0.0760305 0.07663142 0.07760717 0.07888171 0.08065794 0.08272207 0.08550486 0.08887065 0.09297694 0.09871732 0.105908 0.1184927 

